FViewInfo:
-63.8421 5.16626 99.3394
0.404717 0.151005 -0.901888 0
-0 0.986271 0.165133 0
0.914442 -0.0668322 0.399161 0
-65.0022 11.1842 -98.0839 1
1.02067 0 0 0
0 1.73205 0 0
-0 0 5.00491e-06 -1
0 0 0.0100098 0
42
0 1 2 3 4 5 6 7 8 9 10 11 12 13 14 15 16 17 18 19 20 21 22 23 24 25 26 27 28 29 30 31 32 33 34 35 36 37 38 39 40 41
FScene:
42
1 1 1 1 1 1 1 1 1 1 1 1 1 1 1 1 1 1 1 1 1 1 1 1 1 1 1 1 1 1 1 1 1 1 1 1 1 1 0 1 1 1
42
-13.0817 3.84179 -32.7278
4.44309 2.55839 3.74386
6.34846
-13.0817 3.84179 -32.7278
4.44309 2.55839 3.74386
6.34846
47.845 4.60074 -17.0967
2.36743 2.36743 2.29215
4.05751
53.4348 7.5902 -17.0967
2.36743 2.36743 2.29215
4.05751
-3.08567 1.38695 -43.2374
4.9859 1.38712 7.01985
8.72132
64 0 192
64 0 64
90.5097
-12.7318 1.06976 89.6764
2.91823 1.06913 2.78537
4.17341
42.1817 1.61527 -17.0967
2.36743 2.36743 2.29215
4.05751
49.6623 0.11122 -47.5257
0.379974 0.990683 8.2546
8.32252
45.2339 -0.0811678 -47.5257
0.379974 0.990683 8.2546
8.32252
55.1964 0.609216 -47.5257
0.379974 0.990683 8.2546
8.32252
61.2135 1.11838 -47.5257
0.379974 0.990683 8.2546
8.32252
20.5322 0.290914 -61.3016
2.81585 0.447414 1.22626
3.10369
20.9511 0.291325 -57.1594
2.78698 0.683362 1.22626
3.12057
-31.4411 9.94734 58.3487
1.93728 4.591 6.14574
7.91205
0.66219 6.17227 58.4759
14.4346 12.242 3.06564
19.1735
-6.95878 11.7542 71.7589
6.82417 6.64032 3.06564
10.0031
64 0.870445 64
64 0.954161 64
90.5147
-64 3.53085 64
64 3.55825 64
90.5796
192 0 -192
64 0 64
90.5097
192 0 -64
64 0 64
90.5097
64 0.87549 -64
64 0.875516 64
90.5139
64 -4.0633e-10 -192
64 4.0633e-10 64
90.5097
192 0 64
64 0 64
90.5097
90.5672 2.91538 -12.7693
1.95165 2.80382 1.95166
3.93438
-11.742 0.226416 -23.1549
0.672623 0.264405 0.657772
0.977239
-10.742 0.226416 -23.8104
0.672623 0.423529 0.657772
1.03173
-11.7028 -0.216927 -27.6544
3.09142 2.68065 4.0914
5.78639
-11.7028 -0.216927 -27.6544
3.09142 2.68065 4.0914
5.78639
-13.7028 1.65179 -31.6925
3.09142 2.81009 4.0914
5.84748
-13.7028 1.65179 -31.6925
3.09142 2.81009 4.0914
5.84748
-7.15262 1.38695 -31.9687
1.46723 1.38712 8.23245
8.47644
-64 -1.31352e-05 -64
64 1.31344e-05 64
90.5097
192 0 192
64 0 64
90.5097
-8.85614 3.84179 -32.7278
4.44309 2.55839 3.74386
6.34846
-8.85614 3.84179 -32.7278
4.44309 2.55839 3.74386
6.34846
-15.5443 9.26993 66.2818
1.93728 9.18201 12.2915
15.4642
2.94177 2.83046 69.9508
4.73518 2.80361 6.14574
8.24938
-60.457 4.63496 97.184
5.45095 4.591 5.9413
9.27843
-25.5361 13.5963 74.1829
8.24667 4.90073 3.17456
10.1046
-25.619 13.5235 60.0766
8.26035 4.92416 3.17475
10.1272
25.234 0.368045 -60.2221
1.93728 0.652532 6.14574
6.4768
42
Occludee:
0
Occludee:
1
Occludee:
2
Occludee:
3
Occludee:
4
Occludee:
5
Occludee:
6
Occludee:
7
Occludee:
8
Occludee:
9
Occludee:
10
Occludee:
11
Occludee:
12
Occludee:
13
Occludee:
14
Occludee:
15
Occludee:
16
Occludee:
17
Occludee:
18
Occludee:
19
Occludee:
20
Occludee:
21
Occludee:
22
Occludee:
23
Occludee:
24
Occludee:
25
Occludee:
26
Occludee:
27
Occludee:
28
Occludee:
29
Occludee:
30
Occludee:
31
Occludee:
32
Occludee:
33
Occludee:
34
Occludee:
35
Occludee:
36
Occludee:
37
Occluder:
38
0.76296 0 -0.646445 0
0 2.5 0 0
0.646445 0 0.76296 0
-60.457 0 97.184 1
52
1.93728 0.0175835 7.56785e-07 1.93728 0.0175836 -6.13696 1.93728 3.69039 -6.14574 1.93728 3.69039 7.56785e-07 1.93728 0.0175836 -6.13696 -1.89245e-06 0.0175835 -6.13696 -1.89245e-06 3.69039 -6.14574 1.93728 3.69039 -6.14574 1.93728 3.69039 6.14573 1.93728 0.0175836 6.13696 1.93728 0.0175835 7.56785e-07 1.93728 3.69039 7.56785e-07 1.93728 3.69039 6.14573 1.89152e-06 3.69039 6.14574 1.89152e-06 0.0175836 6.13696 1.93728 0.0175836 6.13696 -1.93728 3.69039 -6.14574 -1.93728 0.0175836 -6.13696 -1.93728 0.0175835 2.27035e-06 -1.93728 3.69039 2.27035e-06 -1.93728 0.0175836 -6.13696 -1.89245e-06 0.0175835 -6.13696 -1.93728 0.0175835 2.27035e-06 -1.93728 0.0175836 6.13697 -1.93728 3.69039 6.14574 -1.93728 3.69039 2.27035e-06 -1.93728 0.0175835 2.27035e-06 -1.93728 0.0175836 6.13697 -1.93728 0.0175835 2.27035e-06 1.89152e-06 0.0175836 6.13696 -1.93728 3.69039 2.27035e-06 -1.89245e-06 3.69039 -6.14574 -1.93728 3.69039 -6.14574 1.93728 3.69039 6.14573 1.93728 3.69039 7.56785e-07 1.89152e-06 3.69039 6.14574 -1.93728 3.69039 6.14574 -1.93728 0.0175836 6.13697 1.89152e-06 0.0175836 6.13696 1.89152e-06 3.69039 6.14574 -1.89245e-06 0.0175835 -6.13696 -1.93728 0.0175836 -6.13696 -1.93728 3.69039 -6.14574 -1.89245e-06 3.69039 -6.14574 1.93728 0.0175836 -6.13696 1.93728 0.0175835 7.56785e-07 1.93728 0.0175835 7.56785e-07 1.93728 0.0175836 6.13696 1.93728 3.69039 7.56785e-07 1.93728 3.69039 -6.14574 -1.93728 3.69039 2.27035e-06 -1.93728 3.69039 6.14574 
84
2 0 1 0 2 3 6 4 5 4 6 7 10 8 9 8 10 11 14 12 13 12 14 15 18 16 17 16 18 19 22 20 21 25 23 24 23 25 26 29 27 28 32 30 31 35 33 34 38 36 37 36 38 39 42 40 41 40 42 43 45 21 44 22 21 45 29 46 47 29 28 46 31 48 49 31 30 48 35 34 50 35 50 51 
Occludee:
39
Occludee:
40
Occludee:
41
